0	0
1	49885
2	13710
3	7320
4	4802
5	3433
6	2562
7	1992
8	1589
9	1331
10	1095
11	993
12	812
13	740
14	604
15	532
16	499
17	443
18	389
19	348
20	320
21	303
22	291
23	272
24	251
25	211
26	214
27	190
28	212
29	143
30	183
31	138
32	144
33	131
34	127
35	127
36	117
37	95
38	111
39	85
40	89
41	107
42	74
43	64
44	86
45	78
46	62
47	72
48	62
49	61
50	57
51	52
52	63
53	39
54	58
55	57
56	44
57	48
58	38
59	46
60	44
61	34
62	43
63	32
64	33
65	25
66	24
67	34
68	31
69	28
70	30
71	29
72	24
73	26
74	25
75	22
76	34
77	24
78	14
79	21
80	23
81	17
82	15
83	18
84	18
85	30
86	17
87	17
88	22
89	19
90	17
91	18
92	16
93	16
94	14
95	18
96	20
97	11
98	14
99	13
100	19
101	15
102	15
103	16
104	17
105	14
106	11
107	12
108	6
109	11
110	11
111	9
112	15
113	8
114	19
115	10
116	10
117	8
118	15
119	14
120	8
121	12
122	6
123	5
124	9
125	8
126	1
127	6
128	10
129	9
130	7
131	7
132	13
133	10
134	10
135	5
136	6
137	3
138	8
139	5
140	11
141	5
142	6
143	7
144	5
145	6
146	3
147	8
148	2
149	7
150	7
151	4
152	3
153	7
154	7
155	6
156	12
157	3
158	3
159	6
160	7
161	8
162	6
163	2
164	2
165	4
166	2
167	6
168	6
169	7
170	6
171	3
172	8
173	3
174	5
175	5
176	6
177	3
178	4
179	8
180	4
181	6
182	2
183	4
184	6
185	4
186	3
187	4
188	3
189	5
190	1
191	2
192	7
193	0
194	4
195	4
196	6
197	3
198	1
199	2
200	3
201	2
202	4
203	3
204	4
205	5
206	4
207	2
208	6
209	2
210	3
211	2
212	2
213	2
214	4
215	1
216	1
217	0
218	3
219	2
220	3
221	1
222	0
223	2
224	2
225	2
226	1
227	1
228	2
229	1
230	0
231	1
232	4
233	2
234	1
235	2
236	2
237	2
238	2
239	1
240	3
241	5
242	2
243	1
244	1
245	4
246	1
247	1
248	0
249	1
250	1
251	1
252	2
253	0
254	4
255	4
256	2
257	2
258	1
259	1
260	0
261	4
262	1
263	1
264	0
265	0
266	1
267	3
268	3
269	1
270	1
271	1
272	2
273	1
274	1
275	1
276	0
277	3
278	0
279	0
280	0
281	1
282	2
283	4
284	3
285	1
286	3
287	2
288	0
289	0
290	1
291	0
292	1
293	2
294	0
295	0
296	0
297	1
298	2
299	0
300	2
301	0
302	1
303	1
304	2
305	0
306	4
307	1
308	2
309	3
310	0
311	2
312	3
313	2
314	2
315	0
316	0
317	3
318	2
319	2
320	2
321	1
322	0
323	2
324	0
325	1
326	0
327	2
328	1
329	0
330	0
331	2
332	0
333	0
334	0
335	1
336	0
337	0
338	1
339	0
340	2
341	0
342	1
343	0
344	1
345	1
346	0
347	0
348	0
349	0
350	0
351	1
352	1
353	1
354	1
355	0
356	1
357	0
358	0
359	1
360	0
361	1
362	0
363	0
364	0
365	0
366	0
367	0
368	0
369	2
370	1
371	0
372	0
373	0
374	1
375	0
376	0
377	0
378	0
379	2
380	0
381	0
382	0
383	1
384	0
385	1
386	0
387	2
388	2
389	0
390	0
391	0
392	0
393	0
394	0
395	1
396	1
397	0
398	0
399	1
400	0
401	1
402	1
403	0
404	0
405	2
406	0
407	0
408	2
409	0
410	0
411	1
412	1
413	0
414	1
415	1
416	0
417	1
418	0
419	3
420	0
421	1
422	0
423	2
424	2
425	0
426	0
427	1
428	0
429	1
430	1
431	0
432	0
433	4
434	1
435	0
436	0
437	0
438	0
439	0
440	0
441	0
442	0
443	1
444	0
445	0
446	0
447	0
448	1
449	1
450	1
451	2
452	0
453	1
454	0
455	1
456	1
457	0
458	0
459	1
460	0
461	0
462	0
463	0
464	0
465	1
466	1
467	1
468	1
469	0
470	0
471	0
472	1
473	1
474	0
475	0
476	1
477	1
478	2
479	0
480	0
481	0
482	0
483	1
484	0
485	0
486	0
487	0
488	1
489	1
490	1
491	0
492	0
493	0
494	0
495	0
496	0
497	1
498	1
499	0
500	0
501	3
502	0
503	0
504	0
505	0
506	0
507	0
508	0
509	0
510	1
511	1
512	0
513	0
514	0
515	1
516	1
517	0
518	0
519	0
520	0
521	0
522	1
523	0
524	0
525	0
526	0
527	1
528	0
529	0
530	1
531	0
532	1
533	1
534	0
535	0
536	2
537	0
538	0
539	0
540	0
541	0
542	1
543	0
544	0
545	2
546	1
547	0
548	0
549	1
550	0
551	0
552	0
553	0
554	0
555	0
556	0
557	0
558	0
559	0
560	1
561	0
562	0
563	0
564	0
565	0
566	1
567	1
568	3
569	0
570	0
571	0
572	0
573	0
574	0
575	1
576	0
577	0
578	0
579	0
580	0
581	0
582	1
583	0
584	0
585	0
586	0
587	1
588	0
589	1
590	1
591	0
592	0
593	0
594	0
595	0
596	1
597	0
598	0
599	0
600	0
601	0
602	0
603	0
604	0
605	0
606	0
607	1
608	0
609	0
610	1
611	0
612	2
613	0
614	0
615	0
616	0
617	0
618	0
619	0
620	0
621	0
622	0
623	0
624	1
625	0
626	0
627	0
628	0
629	0
630	0
631	0
632	0
633	0
634	0
635	0
636	0
637	0
638	0
639	1
640	0
641	0
642	0
643	0
644	0
645	0
646	0
647	0
648	0
649	0
650	0
651	0
652	0
653	0
654	1
655	0
656	0
657	0
658	0
659	0
660	0
661	0
662	0
663	0
664	0
665	0
666	0
667	0
668	0
669	0
670	0
671	0
672	0
673	0
674	0
675	0
676	0
677	0
678	0
679	0
680	0
681	0
682	0
683	0
684	0
685	0
686	0
687	1
688	0
689	0
690	0
691	0
692	0
693	0
694	0
695	0
696	0
697	1
698	0
699	0
700	0
701	0
702	0
703	0
704	0
705	0
706	0
707	0
708	0
709	0
710	0
711	0
712	0
713	0
714	0
715	0
716	1
717	0
718	0
719	0
720	0
721	0
722	0
723	0
724	0
725	0
726	0
727	0
728	0
729	1
730	0
731	1
732	0
733	0
734	0
735	0
736	0
737	0
738	0
739	0
740	0
741	0
742	0
743	0
744	0
745	0
746	0
747	0
748	0
749	0
750	0
751	0
752	0
753	0
754	0
755	1
756	1
757	0
758	0
759	0
760	0
761	0
762	0
763	0
764	0
765	0
766	0
767	0
768	0
769	0
770	0
771	0
772	0
773	0
774	0
775	1
776	0
777	0
778	0
779	0
780	1
781	0
782	0
783	0
784	0
785	1
786	0
787	0
788	0
789	0
790	0
791	0
792	0
793	0
794	0
795	0
796	0
797	0
798	1
799	0
800	0
801	0
802	0
803	0
804	1
805	0
806	0
807	0
808	0
809	0
810	0
811	0
812	0
813	0
814	0
815	1
816	0
817	0
818	0
819	0
820	0
821	0
822	0
823	0
824	1
825	1
826	0
827	0
828	0
829	0
830	0
831	0
832	0
833	0
834	0
835	0
836	0
837	0
838	0
839	0
840	0
841	0
842	0
843	0
844	1
845	0
846	0
847	0
848	0
849	0
850	0
851	0
852	0
853	0
854	0
855	1
856	0
857	0
858	0
859	0
860	1
861	0
862	0
863	0
864	0
865	0
866	0
867	0
868	0
869	0
870	0
871	0
872	0
873	0
874	0
875	0
876	0
877	0
878	0
879	0
880	0
881	0
882	0
883	0
884	0
885	0
886	0
887	0
888	0
889	0
890	0
891	0
892	0
893	1
894	0
895	0
896	0
897	0
898	0
899	0
900	0
901	0
902	0
903	0
904	0
905	0
906	0
907	0
908	0
909	0
910	0
911	0
912	0
913	0
914	0
915	0
916	0
917	0
918	0
919	0
920	0
921	0
922	0
923	0
924	0
925	0
926	0
927	0
928	1
929	1
930	0
931	0
932	0
933	0
934	0
935	0
936	0
937	0
938	0
939	0
940	0
941	0
942	0
943	0
944	0
945	0
946	0
947	0
948	0
949	0
950	0
951	0
952	0
953	0
954	0
955	0
956	0
957	0
958	0
959	0
960	0
961	0
962	0
963	0
964	0
965	0
966	1
967	0
968	0
969	0
970	0
971	0
972	0
973	0
974	0
975	0
976	0
977	0
978	0
979	0
980	0
981	0
982	0
983	0
984	0
985	0
986	0
987	0
988	0
989	1
990	0
991	0
992	0
993	0
994	0
995	0
996	0
997	0
998	0
999	0
